100
6 6 2 3
1 7 5
100 1 5 3
1 50 7
0 1 255 3
105 200 189
1 0 1 3
238 174 239
1 0 0 3
1 3 2
1 0 0 3
13 12 13
255 0 0 2
100 200
255 0 0 3
111 220 125
255 0 0 3
0 169 255
255 255 255 3
255 0 255
2 2 254 3
255 0 255
255 255 0 1
13
75 3 3 2
6 33
148 5 11 2
97 118
178 11 14 2
46 31
43 2 3 2
145 1
128 124 152 3
52 177 100
68 71 44 2
140 219
122 17 12 3
96 101 83
115 25 18 2
17 55
60 10 12 2
125 5
139 50 78 2
51 16
143 59 30 2
60 25
9 4 3 3
2 16 28
62 229 185 2
50 171
113 6 10 3
1 1 54
255 60 35 2
186 210
241 1 3 2
74 31
192 17 15 2
66 71
245 66 54 2
72 26
223 54 34 2
55 22
136 15 10 2
73 19
111 47 26 3
61 73 52
36 1 1 3
2 7 64
141 73 66 3
27 104 22
255 102 65 3
19 115 94
147 44 38 2
46 33
251 22 34 2
50 152
96 26 51 2
19 26
123 103 59 3
185 50 179
120 123 63 3
86 29 100
178 13 10 2
75 113
239 30 57 3
202 108 129
95 41 24 2
55 31
159 61 96 3
3 32 82
215 21 11 2
88 28
77 194 237 3
25 70 82
103 113 125 3
30 70 96
34 34 19 2
32 8
130 50 26 3
75 10 47
43 2 1 3
28 2 13
255 23 35 2
70 0
23 0 1 2
26 2
142 25 16 3
49 81 71
129 99 73 2
58 70
255 176 118 3
200 99 25
18 17 9 2
19 10
162 10 8 3
78 130 128
10 8 4 2
31 8
36 17 18 2
39 37
219 133 122 3
93 14 18
84 16 13 2
2 61
117 23 17 2
94 109
53 8 6 3
8 31 28
22 17 21 3
19 17 35
255 0 0 3
125 115 227
21 0 0 2
19 20
74 135 75 2
147 77
47 39 32 2
8 4
62 7 5 3
173 92 145
37 7 5 2
56 7
8 11 9 3
12 12 14
224 12 7 3
146 69 48
255 82 41 3
78 18 92
173 207 156 2
35 201
30 2 5 3
11 61 49
255 198 160 2
104 12
150 4 6 3
120 110 14
255 74 67 3
96 147 84
89 54 90 3
31 169 60
202 88 55 3
58 67 100
14 43 24 2
15 33
161 53 65 3
97 68 112
255 20 10 2
81 188
11 6 9 3
9 0 5
109 57 63 2
32 68
242 0 0 3
87 154 125
44 1 1 2
21 13
115 75 92 2
24 4
255 18 14 3
86 165 187
255 23 33 3
56 47 77
147 4 7 3
77 37 18
47 1 1 2
8 9
120 42 26 3
29 1 36
136 33 38 3
62 74 3
255 20 27 3
123 119 193
166 8 4 3
12 73 133
167 9 19 3
108 68 171
13 0 0 2
14 21
96 63 46 3
54 62 51
